Wto=61451;
We=9616.65209310157;
Wpl=3000;
Wf=6558.92905396205;
S=797.0072;
AR=12;
Pto=13460.2454;
CLmax=1.4;
CLmaxto=2.2;
CLmaxl=1.5;